stat, chan, date, per, sens, calAmp, percDiff
ANMO,  10,  2013-03-26T18:44:00.000000Z,  1.0,  0.243017720238,  0.244969692114,  -0.803222034112,  0.0
ANMO,  00,  2013-03-13T16:12:00.000000Z,  250.0,  0.0532410378962,  0.0543885793881,  -2.15537025049,  0.0
ANMO,  00,  2013-03-13T17:05:00.000000Z,  50.0,  0.097472427226,  0.0963698583215,  1.13115979146,  0.0
ANMO,  00,  2013-03-13T17:58:00.000000Z,  10.0,  0.419317218256,  0.422717805912,  -0.810982117499,  0.0
ANMO,  00,  2013-03-13T18:21:00.000000Z,  1.0,  4.17007061857,  4.20516192145,  -0.84150380377,  5.38942589482e-06
ANMO,  10,  2013-03-14T03:54:00.000000Z,  250.0,  0.00451425796729,  0.00456078769962,  -1.03072825415,  0.0
ANMO,  10,  2013-03-14T04:47:00.000000Z,  50.0,  0.00505057654394,  0.00499997862565,  1.00182460054,  0.0
ANMO,  10,  2013-03-14T05:40:00.000000Z,  10.0,  0.0246174274478,  0.0248113093739,  -0.787579963401,  0.0
ANMO,  10,  2013-03-14T06:03:00.000000Z,  1.0,  0.245393577634,  0.247332839961,  -0.790266129033,  5.4006051168e-06
ANMO,  10,  2014-02-27T04:37:00.000000Z,  250.0,  0.00449676268677,  0.0045430813961,  -1.03004566956,  0.0
ANMO,  10,  2014-02-27T05:30:00.000000Z,  50.0,  0.00503620864636,  0.00498535186182,  1.00982282731,  0.0
ANMO,  10,  2014-02-27T06:23:00.000000Z,  10.0,  0.0245706168613,  0.0247647298844,  -0.790020959369,  0.0
ANMO,  10,  2014-02-27T06:46:00.000000Z,  1.0,  0.245074422426,  0.247032474812,  -0.798962358553,  5.40419208656e-06
ANMO,  00,  2014-02-26T16:55:00.000000Z,  250.0,  0.0532383316972,  0.0543849311973,  -2.15371042554,  0.0
ANMO,  00,  2014-02-26T17:48:00.000000Z,  50.0,  0.0975001475201,  0.0963960344563,  1.13242194177,  0.0
ANMO,  00,  2014-02-26T18:41:00.000000Z,  10.0,  0.419502189481,  0.422901964555,  -0.810430829566,  0.0
ANMO,  00,  2014-02-26T19:04:00.000000Z,  1.0,  4.17209729504,  4.20673836546,  -0.830303513304,  5.38909851778e-06
ANMO,  00,  2014-12-17T18:24:05.000000Z,  1.0,  6.11713526126e-07,  2.0086830499e-06,  -228.369892786,  2.58687971835e-13
ANMO,  00,  2014-12-19T16:18:59.999900Z,  250.0,  0.0531276349662,  0.0542740887656,  -2.1579236495,  0.0
ANMO,  00,  2014-12-19T17:12:00.000000Z,  50.0,  0.0969416019317,  0.0958492116313,  1.12685398082,  0.0
ANMO,  00,  2014-12-19T18:05:00.000000Z,  10.0,  0.416671340989,  0.420034925734,  -0.807251282833,  0.0
ANMO,  00,  2014-12-19T18:28:00.000000Z,  1.0,  4.14283545354,  4.17699370706,  -0.824513884225,  5.38751808457e-06
ANMO,  00,  2015-03-10T15:01:00.000000Z,  250.0,  0.0531347509931,  0.0542814107854,  -2.15802233164,  0.0
ANMO,  00,  2015-03-10T15:54:00.000000Z,  50.0,  0.0969406104134,  0.095848146689,  1.12694124754,  0.0
ANMO,  00,  2015-03-10T16:47:00.000000Z,  10.0,  0.416657098649,  0.420019345808,  -0.806957848416,  0.0
ANMO,  00,  2015-03-10T17:10:00.000000Z,  1.0,  4.1427545825,  4.17687272857,  -0.82356184487,  5.38756188094e-06
ANMO,  10,  2015-03-11T02:43:00.000000Z,  250.0,  0.0293447823677,  0.0296719422137,  -1.11488250924,  0.0
ANMO,  10,  2015-03-11T03:36:00.000000Z,  50.0,  0.0338212353518,  0.0334747492125,  1.02446328663,  0.0
ANMO,  10,  2015-03-11T04:29:00.000000Z,  10.0,  0.165159322541,  0.166471766059,  -0.794653004081,  0.0
ANMO,  10,  2015-03-11T04:52:00.000000Z,  1.0,  1.64960388734,  1.66296084027,  -0.809706683599,  5.4119248697e-06
ANMO,  10,  2016-02-25T04:24:59.999900Z,  250.0,  0.0293578851321,  0.0296899667583,  -1.13114968855,  0.0
ANMO,  10,  2016-02-25T05:18:00.000000Z,  50.0,  0.0352485069541,  0.0349225560561,  0.924722565971,  0.0
ANMO,  10,  2016-02-25T06:11:00.000000Z,  10.0,  0.169195916128,  0.170186431579,  -0.585425153088,  0.0
ANMO,  10,  2016-02-25T06:34:00.000000Z,  1.0,  1.65024086161,  1.66320086571,  -0.785340152753,  5.29456267269e-06
ANMO,  00,  2016-02-24T16:42:59.999900Z,  250.0,  0.0532062955619,  0.054354094644,  -2.15726178633,  0.0
ANMO,  00,  2016-02-24T17:36:00.000000Z,  50.0,  0.0970989673629,  0.0960049051831,  1.12674955204,  0.0
ANMO,  00,  2016-02-24T18:29:00.000000Z,  10.0,  0.417324279982,  0.420688988796,  -0.806257621645,  0.0
ANMO,  00,  2016-02-24T18:52:00.000000Z,  1.0,  4.14953599818,  4.18372631301,  -0.823955132552,  5.38781214616e-06
