0.4942970360742767
0.3095792056883736
0.4939703400232729
0.30368793625227597
0.4942970360742767
0.3095792056883736
0.4511906610285998
0.3236636178003892
0.4957999816634933
0.39932587801547564
0.48818192911294245
0.39406892951159683
0.4984786192917137
0.40001086396734964
0.4988751897797515
0.4007188210680768
0.4988751897797515
0.4007188210680768
0.48738001182922464
0.3990329878728673
0.49817884956812336
0.3944021448798995
0.48569259036832807
0.40127858289586643
0.49846482029954575
0.3975057805944702
0.49871580860041315
0.396861992797837
0.49816978654755834
0.3988300269312396
0.49880592045112254
0.39696740484936427
0.49859365334498773
0.40064455875839217
0.49908627124485316
0.3975267224665457
0.49856771430930186
0.40028212696050025
0.4996687586128804
0.4012602613183097
0.49890504037450567
0.400018275160696
0.4984786192917137
0.40001086396734964
0.4984786192917137
0.40001086396734964
